/*--------------------------------*- C++ -*----------------------------------*\
  =========                 |
  \\      /  F ield         | OpenFOAM: The Open Source CFD Toolbox
   \\    /   O peration     | Website:  https://openfoam.org
    \\  /    A nd           | Version:  7
     \\/     M anipulation  |
\*---------------------------------------------------------------------------*/
FoamFile
{
    version     2.0;
    format      ascii;
    class       faceSet;
    location    "constant/polyMesh/sets";
    object      nonOrthoFaces;
}
// * * * * * * * * * * * * * * * * * * * * * * * * * * * * * * * * * * * * * //


240
(
45077 
45078 
45079 
45080 
45081 
45082 
45084 
45133 
45134 
45135 
45136 
45137 
45138 
45140 
45189 
45190 
45191 
45192 
45193 
45194 
45196 
45245 
45246 
45247 
45248 
45249 
45250 
45252 
43230 
45301 
45302 
45303 
45304 
45305 
45306 
45308 
43285 
43286 
43288 
45357 
45358 
45359 
43341 
43342 
43343 
43344 
43397 
43398 
43399 
43400 
43402 
43453 
43454 
43455 
43456 
43458 
43509 
43510 
43511 
43512 
43514 
43565 
43566 
43567 
43568 
43570 
43621 
43622 
43623 
43624 
43625 
43626 
43677 
43678 
43679 
43680 
43681 
43682 
43733 
43734 
43735 
43736 
43737 
43738 
43789 
43790 
43791 
43792 
43793 
43794 
43845 
43846 
43847 
43848 
43849 
43850 
43901 
43902 
43903 
43904 
43905 
43906 
43957 
43958 
43959 
43960 
43961 
43962 
44013 
44014 
44015 
44016 
44017 
44018 
44069 
44070 
44071 
44072 
44073 
44074 
44076 
44125 
44126 
44127 
44128 
44129 
44130 
44132 
44181 
44182 
44183 
44184 
44185 
44186 
44188 
44237 
44238 
44239 
44240 
44241 
44242 
44244 
44293 
44294 
44295 
44296 
44297 
44298 
44300 
44349 
44350 
44351 
44352 
44353 
44354 
44356 
44405 
44406 
44407 
44408 
44409 
44410 
44412 
44461 
44462 
44463 
44464 
44465 
44466 
44468 
44517 
44518 
44519 
44520 
44521 
44522 
44524 
44573 
44574 
44575 
44576 
44577 
44578 
44580 
44629 
44630 
44631 
44632 
44633 
44634 
44636 
44685 
44686 
44687 
44688 
44689 
44690 
44692 
44741 
44742 
44743 
44744 
44745 
44746 
44748 
44797 
44798 
44799 
44800 
44801 
44802 
44804 
44853 
44854 
44855 
44856 
44857 
44858 
44860 
44909 
44910 
44911 
44912 
44913 
44914 
44916 
44965 
44966 
44967 
44968 
44969 
44970 
44972 
45021 
45022 
45023 
45024 
45025 
45026 
45028 
)

// ************************************************************************* //
