/*--------------------------------*- C++ -*----------------------------------*\
  =========                 |
  \\      /  F ield         | OpenFOAM: The Open Source CFD Toolbox
   \\    /   O peration     | Website:  https://openfoam.org
    \\  /    A nd           | Version:  7
     \\/     M anipulation  |
\*---------------------------------------------------------------------------*/
FoamFile
{
    version     2.0;
    format      ascii;
    class       faceSet;
    location    "constant/polyMesh/sets";
    object      wrongOrientedFaces;
}
// * * * * * * * * * * * * * * * * * * * * * * * * * * * * * * * * * * * * * //


542
(
40963 
45077 
45078 
45079 
45080 
45081 
45082 
45083 
45084 
41019 
45133 
45134 
45135 
45136 
45137 
45138 
45139 
45140 
41075 
45189 
45190 
45191 
45192 
45193 
45194 
45195 
45196 
41131 
45245 
45246 
45247 
45248 
45249 
45250 
45251 
45252 
41187 
45301 
45302 
45303 
45304 
45305 
45306 
45307 
45308 
43286 
41243 
45357 
45358 
45359 
45360 
43341 
43342 
43344 
41299 
43397 
43398 
43399 
43400 
41355 
43453 
43454 
43455 
43456 
43458 
41411 
43509 
43510 
43511 
43512 
43514 
41467 
43565 
43566 
43567 
43568 
43569 
43570 
41523 
100958 
100959 
100960 
100961 
100962 
100963 
100964 
100965 
43621 
100966 
43622 
100967 
43623 
100968 
43624 
100969 
43625 
100970 
43626 
100971 
41579 
100972 
100973 
100974 
100975 
100976 
100977 
100978 
100979 
100980 
100981 
100982 
100983 
100984 
100985 
100986 
100987 
100988 
100989 
100990 
100991 
100992 
100993 
100994 
101007 
101008 
101009 
101010 
101011 
101012 
101013 
101014 
101015 
101016 
101017 
101018 
101019 
101020 
101021 
43677 
101022 
43678 
101023 
43679 
101024 
43680 
101025 
43681 
101026 
43682 
101027 
41635 
101028 
101029 
101030 
101031 
101032 
101033 
101034 
101035 
101036 
101037 
101038 
101039 
101040 
101041 
101042 
101057 
101058 
101059 
101060 
101061 
101062 
101063 
101064 
101065 
101066 
101067 
101068 
101069 
101070 
101071 
101072 
101073 
101074 
101075 
101076 
101077 
43733 
101078 
43734 
101079 
43735 
101080 
43736 
101081 
43737 
101082 
43738 
101083 
41691 
101084 
101085 
101086 
101087 
101088 
101089 
101090 
101120 
101121 
101122 
101123 
101124 
101125 
101126 
101127 
101128 
101129 
101130 
101131 
101132 
101133 
43789 
101134 
43790 
101135 
43791 
101136 
43792 
101137 
43793 
101138 
43794 
41747 
74542 
74543 
74544 
74545 
74546 
74547 
74548 
74549 
74550 
74551 
74552 
74553 
74554 
74555 
74556 
74557 
74558 
74559 
74560 
74561 
74562 
74563 
74564 
74565 
43845 
74566 
43846 
74567 
43847 
74568 
43848 
74569 
43849 
74570 
43850 
74571 
41803 
74572 
74573 
74574 
74575 
74576 
74577 
74578 
74591 
74592 
74593 
74594 
74595 
74596 
74597 
74598 
74599 
74600 
74601 
74602 
74603 
74604 
74605 
74606 
74607 
74608 
74609 
74610 
74611 
74612 
74613 
74614 
74615 
74616 
74617 
74618 
74619 
74620 
74621 
43901 
74622 
43902 
74623 
43903 
74624 
43904 
74625 
43905 
74626 
43906 
41859 
74641 
74642 
74643 
74644 
74645 
74646 
74647 
74648 
74649 
74650 
74651 
74652 
74653 
74654 
74655 
74656 
74657 
74658 
74659 
74660 
74661 
74662 
74663 
74664 
74665 
74666 
74667 
74668 
74669 
74670 
74671 
74672 
74673 
74674 
43957 
43958 
43959 
43960 
43961 
43962 
41915 
74704 
74705 
74706 
74707 
74708 
74709 
74710 
74711 
74712 
74713 
74714 
74715 
74716 
74717 
74718 
74719 
74720 
74721 
74722 
44013 
44014 
44015 
44016 
44017 
44018 
41971 
44069 
44070 
44071 
44072 
44073 
44074 
42027 
44125 
44126 
44127 
44128 
44129 
44130 
42083 
40067 
44181 
44182 
44183 
44184 
44185 
44186 
40123 
44237 
44238 
44239 
44240 
44241 
44242 
40179 
44293 
44294 
44295 
44296 
44297 
44298 
44300 
40235 
44349 
44350 
44351 
44352 
44353 
44354 
44356 
40291 
44405 
44406 
44407 
44408 
44409 
44410 
44412 
40347 
44461 
44462 
44463 
44464 
44465 
44466 
44467 
44468 
40403 
44517 
44518 
44519 
44520 
44521 
44522 
44523 
44524 
40459 
44573 
44574 
44575 
44576 
44577 
44578 
44579 
44580 
40515 
44629 
44630 
44631 
44632 
44633 
44634 
44635 
44636 
40571 
44685 
44686 
44687 
44688 
44689 
44690 
44691 
44692 
40627 
44741 
44742 
44743 
44744 
44745 
44746 
44747 
44748 
40683 
44797 
44798 
44799 
44800 
44801 
44802 
44803 
44804 
40739 
44853 
44854 
44855 
44856 
44857 
44858 
44859 
44860 
53063 
53064 
53065 
53066 
40795 
44909 
44910 
44911 
44912 
44913 
44914 
44915 
44916 
40851 
44965 
44966 
44967 
44968 
44969 
44970 
44971 
44972 
40907 
45021 
45022 
45023 
45024 
45025 
45026 
45027 
45028 
)

// ************************************************************************* //
